1
8
12
15
47
48
50
52
54
58
64
69
72
73
81
83
87
92
#
4
27
28
34
37
55
68
70
74
84
85
88
#
4
60
#
14
18
25
49
51
71
79
86
90
94
97
#
11
24
44
67
75
96
#
11
24
67
75
76
96
#
28
32
88
#
2
32
56
67
75
96
#
32
67
75
88
96
#
59
71
#
2
3
6
9
11
56
60
67
75
76
93
96
99
#
5
7
13
19
21
22
29
33
39
40
44
45
46
57
61
62
66
77
78
89
91
93
95
98
#
8
12
15
47
48
50
52
54
58
64
69
72
73
81
83
87
92
93
#
6
27
55
67
68
84
85
88
93
96
#
6
9
11
33
56
67
93
95
96
#
3
6
9
11
56
67
75
76
93
95
96
99
#
5
13
19
21
22
29
33
36
38
39
44
45
46
57
61
66
77
78
82
89
91
93
95
98
#
5
21
33
38
44
45
46
61
66
68
77
78
82
89
91
93
95
98
#
5
13
19
21
22
29
33
39
40
44
45
46
57
61
62
66
77
78
82
89
91
93
95
98
#
3
6
9
11
60
67
75
76
82
93
96
99
#
6
8
12
15
47
48
50
52
58
64
69
72
73
81
82
83
87
92
93
100
#
6
12
15
47
50
59
69
73
81
82
83
87
92
93
100
#
6
20
27
67
68
82
84
85
88
93
96
100
#
6
30
59
65
69
81
82
92
93
100
#
6
47
59
65
69
81
82
87
92
93
100
#
6
20
31
67
68
77
82
84
88
93
96
100
#
6
20
31
67
68
82
84
85
88
93
96
100
#
6
20
67
68
75
77
82
84
88
93
96
100
#
6
20
67
68
75
82
84
85
88
93
96
100
#
6
12
29
82
93
95
100
#
6
12
47
59
81
82
87
92
93
95
100
#
6
10
16
17
20
26
31
41
42
43
53
59
63
65
82
93
95
100
#
6
10
11
17
20
31
43
47
59
63
65
81
82
92
93
95
96
100
#
6
11
47
59
63
65
81
82
87
92
93
95
100
#
3
6
9
11
20
67
75
76
78
82
93
95
96
99
100
#
3
6
9
11
20
67
75
76
82
88
93
95
96
99
100
#
3
6
9
11
20
44
67
68
75
77
78
82
89
91
93
95
96
100
#
6
9
11
20
33
44
45
67
68
77
78
82
89
91
93
95
96
98
100
#
6
9
11
20
44
45
67
68
75
77
78
82
89
91
93
95
96
100
#
3
6
9
11
20
44
67
68
75
77
78
82
93
95
96
99
100
#
3
6
9
11
20
67
68
75
77
82
88
93
95
96
99
100
#
5
6
13
17
21
22
29
33
39
44
45
46
57
61
66
77
78
82
89
91
93
95
98
100
#
6
10
16
17
20
30
31
41
42
43
53
59
63
65
77
82
93
95
96
100
#
6
10
17
20
30
31
41
42
43
59
63
65
77
81
82
92
93
95
96
100
#
6
10
17
20
31
41
42
43
44
53
59
63
65
77
82
93
95
96
100
#
3
6
11
17
20
44
59
63
65
67
68
75
77
78
82
89
91
93
95
96
100
#
3
6
11
17
20
44
59
63
65
67
75
77
78
81
82
89
91
93
95
96
100
#
3
6
11
17
20
44
59
63
65
68
77
78
82
89
91
92
93
95
96
100
#
3
6
11
17
20
44
59
63
65
77
78
81
82
89
91
92
93
95
96
100
#
5
6
10
17
21
22
29
33
44
45
46
61
65
66
77
78
82
89
91
93
95
98
100
#
5
6
10
17
21
33
44
45
46
61
65
66
68
77
78
82
89
91
93
95
98
100
#
6
10
17
21
22
33
44
45
46
59
61
65
66
77
78
82
89
91
93
95
98
100
#
6
10
17
21
22
41
44
46
59
61
65
77
78
82
89
91
93
95
98
100
#
6
10
11
17
20
31
41
42
43
44
59
61
63
65
77
78
82
89
91
93
95
96
100
#
6
10
11
17
20
31
42
43
44
59
61
63
65
67
77
78
82
89
91
93
95
96
100
#
6
10
11
17
20
31
41
43
44
59
61
63
65
77
78
82
89
91
93
95
96
98
100
#
6
10
11
17
20
31
43
44
59
61
63
65
67
77
78
82
89
91
93
95
96
98
100
#
6
10
11
17
20
31
41
44
59
61
63
65
68
77
78
82
89
91
93
95
96
98
100
#
6
10
11
17
20
33
44
45
59
61
65
66
68
77
78
82
89
91
93
95
96
98
100
#
6
10
11
17
20
31
44
59
61
63
65
67
68
77
78
82
89
91
93
95
96
98
100
#
6
10
11
17
20
33
44
45
59
61
65
67
68
77
78
82
89
91
93
95
96
98
100
#
6
10
11
17
20
44
45
59
65
67
68
75
77
78
82
89
91
93
95
96
100
#
6
10
11
17
20
44
59
63
65
67
68
75
77
78
82
89
91
93
95
96
100
#
6
10
11
17
20
44
59
63
65
67
75
77
78
81
82
89
91
93
95
96
100
#
6
10
11
17
20
31
41
42
43
44
59
63
65
77
78
81
82
89
91
92
93
95
96
100
#
6
10
11
17
20
31
42
43
44
59
63
65
67
77
78
81
82
89
91
93
95
96
100
#
6
10
11
17
20
31
41
44
59
63
65
68
77
78
82
89
91
92
93
95
96
100
#
6
10
17
20
21
33
44
45
59
61
65
66
68
77
78
82
89
91
93
95
96
98
100
#
6
10
17
20
21
41
44
59
61
63
65
68
77
78
82
89
91
93
95
96
98
100
#
6
10
17
21
33
44
45
46
59
61
65
66
68
77
78
82
89
91
93
95
96
98
100
#
6
10
17
21
41
44
46
59
61
65
68
77
78
82
89
91
93
95
96
98
100
#
5
6
13
17
21
22
29
33
44
45
46
57
61
65
66
77
78
82
89
91
93
95
98
100
#
3
6
11
17
20
44
59
63
65
67
68
75
77
78
82
93
95
96
99
100
#
3
6
11
17
20
44
59
63
65
67
75
77
78
81
82
93
95
96
99
100
#
5
6
13
19
21
22
29
33
39
44
45
46
57
61
66
77
78
82
89
91
93
95
98
100
#
6
11
20
31
67
68
77
82
88
93
95
96
100
#
6
20
31
67
68
82
85
88
93
95
96
100
#
6
20
67
68
75
82
85
88
93
95
96
100
#
10
16
17
23
35
41
53
65
80
82
93
100
#
10
16
17
23
41
42
53
65
80
82
93
100
#
10
16
17
35
41
43
53
65
80
82
93
100
#
10
16
17
30
31
41
42
43
53
59
65
80
82
93
100
#
