14
18
25
49
51
71
79
86
90
94
97
#
14
49
51
59
71
79
86
90
92
93
94
97
#
26
49
59
68
71
79
86
92
93
94
#
49
51
59
68
71
79
86
90
92
93
94
97
#
1
3
6
8
10
11
12
15
16
17
20
29
30
31
41
42
43
44
47
48
50
52
53
54
58
59
61
63
64
65
67
68
69
72
73
75
77
78
81
82
83
87
89
91
92
93
95
96
98
99
100
#
2
3
4
5
6
9
10
11
13
16
17
20
21
22
24
26
27
28
29
30
31
33
38
41
42
43
44
45
46
47
53
55
56
57
59
60
61
63
65
66
67
68
70
75
76
77
78
81
82
84
85
88
89
91
92
93
95
96
98
99
100
#
2
3
4
5
6
9
10
11
16
17
20
21
22
24
26
27
28
29
30
31
33
34
38
41
42
43
44
45
46
47
53
55
56
59
60
61
63
65
66
67
68
70
74
75
76
77
78
81
82
84
85
88
89
91
92
93
95
96
98
99
100
#
2
3
4
5
6
9
10
11
16
17
20
21
22
26
27
28
30
31
33
34
37
38
41
42
43
44
45
46
47
53
55
56
59
60
61
63
65
66
67
68
70
74
75
76
77
78
81
82
84
85
88
89
91
92
93
95
96
98
99
100
#
3
5
6
8
9
10
11
12
15
16
17
20
21
22
26
29
30
31
33
41
42
43
44
45
46
47
48
50
52
53
57
58
59
60
61
63
64
65
66
67
68
69
72
73
75
76
77
78
81
82
83
85
87
88
89
91
92
93
95
96
98
99
100
#
2
3
4
5
6
9
10
11
16
17
20
21
22
24
26
27
29
30
31
33
34
38
41
42
43
44
45
46
47
53
55
56
59
60
61
63
65
66
67
68
70
74
75
76
77
78
81
82
84
85
87
88
89
91
92
93
95
96
98
99
100
#
2
3
4
5
6
9
10
11
13
16
17
20
21
22
24
26
27
29
30
31
33
38
41
42
43
44
45
46
47
53
55
56
57
59
60
61
63
65
66
67
68
70
75
76
77
78
81
82
84
85
87
88
89
91
92
93
95
96
98
99
100
#
2
3
5
6
9
10
11
12
13
16
17
19
20
21
22
24
26
27
29
30
31
33
38
39
41
42
43
44
45
46
47
53
55
56
57
59
60
61
63
65
66
67
68
75
76
77
78
81
82
84
85
87
88
89
91
92
93
95
96
98
99
100
#
2
3
5
6
9
10
11
12
13
16
17
19
20
21
22
24
26
27
29
30
31
33
38
39
41
42
43
44
45
46
47
53
56
57
59
60
61
62
63
65
66
67
68
75
76
77
78
81
82
84
85
87
88
89
91
92
93
95
96
98
99
100
#
3
5
6
7
9
10
11
12
13
16
17
19
20
21
22
24
26
27
29
30
31
33
36
38
39
40
41
42
43
44
45
46
47
53
56
57
59
60
61
62
63
65
66
67
68
75
76
77
78
81
82
84
85
87
88
89
91
92
93
95
96
98
99
100
#
3
5
6
7
9
10
11
12
13
16
17
19
20
21
22
26
27
29
30
31
33
36
38
39
40
41
42
43
44
45
46
47
53
56
57
59
60
61
62
63
65
66
67
68
69
75
76
77
78
81
82
84
85
87
88
89
91
92
93
95
96
98
99
100
#
2
3
5
6
9
10
11
12
13
16
17
19
20
21
22
26
27
29
30
31
33
38
39
41
42
43
44
45
46
47
53
55
56
57
59
60
61
63
65
66
67
68
69
75
76
77
78
81
82
84
85
87
88
89
91
92
93
95
96
98
99
100
#
2
3
5
6
9
10
11
12
13
16
17
19
20
21
22
26
27
29
30
31
33
38
39
41
42
43
44
45
46
47
53
56
57
59
60
61
62
63
65
66
67
68
69
75
76
77
78
81
82
83
84
85
87
88
89
91
92
93
95
96
98
99
100
#
3
5
6
9
10
11
12
13
16
17
19
20
21
22
26
27
29
30
31
33
36
38
39
41
42
43
44
45
46
47
53
56
57
59
60
61
62
63
65
66
67
68
69
75
76
77
78
81
82
83
84
85
87
88
89
91
92
93
95
96
98
99
100
#
3
5
6
9
10
11
12
13
16
17
19
20
21
22
26
27
29
30
31
33
38
39
41
42
43
44
45
46
47
53
57
59
60
61
62
63
65
66
67
68
69
75
76
77
78
80
81
82
83
84
85
87
88
89
91
92
93
95
96
98
99
100
#
3
5
6
8
9
10
11
12
13
15
16
17
19
20
21
22
26
29
30
31
33
39
41
42
43
44
45
46
47
50
53
57
58
59
60
61
63
64
65
66
67
68
69
73
75
76
77
78
80
81
82
83
84
85
87
88
89
91
92
93
95
96
98
99
100
#
3
5
6
9
10
11
12
13
16
17
19
20
21
22
26
27
29
30
31
33
39
41
42
43
44
45
46
47
50
53
57
59
60
61
63
65
66
67
68
69
73
75
76
77
78
80
81
82
83
84
85
87
88
89
91
92
93
95
96
98
99
100
#
3
5
6
8
9
10
11
12
13
15
16
17
20
21
22
26
29
30
31
33
41
42
43
44
45
46
47
50
53
57
58
59
60
61
63
64
65
66
67
68
69
72
73
75
76
77
78
80
81
82
83
84
85
87
88
89
91
92
93
95
96
98
99
100
#
3
5
6
8
9
10
11
12
15
16
17
20
21
22
26
29
30
31
33
41
42
43
44
45
46
47
50
52
53
57
58
59
60
61
63
64
65
66
67
68
69
72
73
75
76
77
78
80
81
82
83
84
85
87
88
89
91
92
93
95
96
98
99
100
#
2
3
4
5
6
9
10
11
16
17
20
21
22
26
27
30
31
33
34
37
38
41
42
43
44
45
46
47
53
55
56
59
60
61
63
65
66
67
68
70
74
75
76
77
78
81
82
84
85
87
88
89
91
92
93
95
96
98
99
100
#
2
3
5
6
9
10
11
16
17
20
21
22
26
27
30
31
33
37
38
41
42
43
44
45
46
47
53
55
56
59
60
61
63
65
66
67
68
69
75
76
77
78
81
82
84
85
87
88
89
91
92
93
95
96
98
99
100
#
3
5
6
9
10
11
16
17
20
21
22
26
27
30
31
33
37
38
41
42
43
44
45
46
47
53
59
60
61
63
65
66
67
68
69
75
76
77
78
80
81
82
84
85
87
88
89
91
92
93
95
96
98
99
100
#
3
5
6
10
11
16
17
20
21
22
23
26
30
31
33
35
41
42
43
44
45
46
47
53
59
61
63
65
66
67
68
75
77
78
80
81
82
87
89
91
92
93
95
96
98
99
100
#
3
5
6
10
11
16
17
20
21
22
26
30
31
33
35
41
42
43
44
45
46
47
53
59
61
63
65
66
67
68
69
75
77
78
80
81
82
87
89
91
92
93
95
96
98
99
100
#
3
6
8
9
10
11
12
15
16
17
20
21
22
26
29
30
31
33
41
42
43
44
45
46
47
48
50
52
53
54
58
59
61
63
64
65
66
67
68
69
72
73
75
77
78
81
82
83
87
89
91
92
93
95
96
98
99
100
#
6
10
17
20
26
31
44
45
59
61
63
65
68
77
78
81
82
89
91
92
93
94
95
96
98
100
#
6
10
17
20
26
31
45
59
63
65
68
71
77
78
81
82
92
93
94
95
100
#
6
10
17
20
26
31
45
59
63
65
68
71
77
78
82
86
92
93
94
95
100
#
6
10
17
20
26
31
45
59
63
65
68
77
78
82
86
91
92
93
94
95
98
100
#
2
3
4
5
6
9
10
11
17
20
21
24
27
28
30
31
32
33
34
41
42
43
44
45
46
55
56
59
60
61
63
65
66
67
68
70
74
75
76
77
78
81
82
84
85
88
89
91
92
93
95
96
98
99
100
#
2
3
4
5
6
9
10
11
17
20
21
27
28
30
31
32
33
34
37
41
42
43
44
45
46
55
56
59
60
61
63
65
66
67
68
70
74
75
76
77
78
81
82
84
85
88
89
91
92
93
95
96
98
99
100
#
17
26
49
59
68
71
82
86
92
93
94
100
#
49
51
59
68
71
82
86
92
93
94
100
#
