3
5
6
8
9
10
11
12
13
15
16
17
19
20
21
22
26
27
29
30
31
33
38
39
41
42
43
44
45
46
47
48
49
50
51
53
57
59
61
62
63
65
66
67
68
69
71
72
73
75
76
77
78
81
82
83
84
85
86
87
88
89
91
92
93
94
95
96
98
99
100
#
3
5
6
8
9
10
11
12
13
15
16
17
19
20
21
22
26
27
29
30
31
33
38
39
41
42
43
44
45
46
47
48
49
50
53
57
59
61
62
63
65
66
67
68
69
71
72
73
75
76
77
78
80
81
82
83
84
85
86
87
88
89
91
92
93
94
95
96
98
99
100
#
1
2
3
4
5
6
7
8
9
10
11
12
13
15
16
17
19
20
21
22
23
24
26
27
28
29
30
31
32
33
34
35
36
37
38
39
40
41
42
43
44
45
46
47
48
50
52
53
54
55
56
57
58
59
60
61
62
63
64
65
66
67
68
69
70
72
73
74
75
76
77
78
80
81
82
83
84
85
87
88
89
91
92
93
95
96
98
99
100
#
1
2
3
4
5
6
7
8
9
10
11
12
13
15
16
17
19
20
21
22
23
24
26
27
28
29
30
31
33
34
36
37
38
39
40
41
42
43
44
45
46
47
48
50
52
53
54
55
56
57
58
59
60
61
62
63
64
65
66
67
68
69
70
72
73
74
75
76
77
78
80
81
82
83
84
85
87
88
89
91
92
93
94
95
96
98
99
100
#
1
2
3
4
5
6
7
8
9
10
11
12
13
15
16
17
19
20
21
22
23
26
27
28
29
30
31
33
34
36
37
38
39
40
41
42
43
44
45
46
47
48
50
52
53
54
55
56
57
58
59
60
61
62
63
64
65
66
67
68
69
70
71
72
73
74
75
76
77
78
80
81
82
83
84
85
87
88
89
91
92
93
94
95
96
98
99
100
#
2
3
4
5
6
7
8
9
10
11
12
13
15
16
17
19
20
21
22
26
27
28
29
30
31
33
34
36
37
38
39
40
41
42
43
44
45
46
47
48
50
52
53
54
55
56
57
58
59
60
61
62
63
64
65
66
67
68
69
70
71
72
73
74
75
76
77
78
80
81
82
83
84
85
86
87
88
89
91
92
93
94
95
96
98
99
100
#
3
5
6
8
9
10
11
12
13
15
16
17
19
20
21
22
26
27
29
30
31
33
38
39
41
42
43
44
45
46
47
48
50
51
52
53
54
57
58
59
61
62
63
64
65
66
67
68
69
71
72
73
75
76
77
78
81
82
83
84
85
86
87
88
89
91
92
93
94
95
96
98
99
100
#
3
5
6
9
10
11
12
13
15
16
17
20
21
22
26
27
29
30
31
33
41
42
43
44
45
46
47
49
50
51
53
57
59
61
63
65
66
67
68
69
71
75
77
78
79
81
82
83
84
85
86
87
88
89
91
92
93
94
95
96
98
99
100
#
3
5
6
9
10
11
12
16
17
20
21
22
26
27
29
30
31
33
41
42
43
44
45
46
47
49
51
53
57
59
61
63
65
66
67
68
69
71
75
77
78
79
81
82
83
84
85
86
87
88
89
90
91
92
93
94
95
96
97
98
99
100
#
3
5
6
10
11
12
14
16
17
20
21
22
26
29
30
31
33
41
42
43
44
45
46
47
49
51
53
57
59
61
63
65
66
67
68
69
71
75
77
78
79
81
82
83
84
86
87
88
89
90
91
92
93
94
95
96
97
98
100
#
6
10
14
17
18
26
45
49
51
59
63
65
68
71
77
79
82
86
90
92
93
94
95
97
100
#
6
14
17
18
25
26
45
49
51
59
68
71
79
82
86
90
92
93
94
95
97
100
#
